1 4 0.030128597011988858
1 8 0.029721950884235435
1 1 0.025445116633448697
1 7 0.02400347887533022
1 3 0.021847205632754482
1 2 0.0196427263025319
1 6 0.01874713395968456
1 9 0.0144868886446576
2 4 0.07112510455544402
2 1 0.06617338366480989
2 2 0.06601193002598378
2 5 0.06523598280078426
2 3 0.05834490505422871
2 7 0.05817132394225264
2 8 0.05390784495763761
2 6 0.04891204940201117
2 9 0.044021812561590726
3 6 0.051176252319145764
3 2 0.046582978755561784
3 1 0.04573143888997893
3 7 0.04247860406443545
3 4 0.04155849930561599
3 8 0.04030633484670607
3 5 0.03678363137839439
3 9 0.034798712903894594
4 9 0.02537041050571824
4 4 0.025164350216159512
4 7 0.021740614843487285
4 2 0.021716518179033983
4 5 0.021636776777966098
4 1 0.020311679500674244
4 3 0.01681741623108347
4 6 0.015801643342942078
4 8 0.015216280706334226
5 4 0.09616200605156155
5 5 0.08169922140251952
5 6 0.07924340892972749
5 7 0.07880410685603907
5 3 0.07358833134767191
5 9 0.0705990393673635
5 2 0.06774072299704971
5 8 0.06644007814461964
6 3 0.08811812070504865
6 5 0.07894413962918731
6 2 0.07806608931669932
6 4 0.0746994807305727
6 1 0.07405360606229298
6 8 0.07326432470386164
6 7 0.06769029388054427
6 9 0.0663344500120138
7 8 0.08379138088535897
7 7 0.07884663164329363
7 4 0.07754243638082553
7 5 0.07201946009811709
7 6 0.07135215268962031
7 1 0.06862514994392968
7 2 0.0669207749256175
7 9 0.06049626720309543
8 1 0.07305796775174062
8 4 0.07007945508931095
8 7 0.0693483006041883
8 3 0.06570378831483123
8 5 0.06507449882320682
8 2 0.06293816127129015
8 8 0.06248551558523981
8 9 0.05573691331759683
9 7 0.031651647796965325
9 4 0.023511077044973586
9 9 0.017089750726460858
9 5 0.01674630142548711
9 8 0.01666148799207636
9 6 0.015859804527236256
9 3 0.014255083208329218
9 1 0.012041130744646794
10 4 0.06937263996343641
10 5 0.06670920677962586
10 3 0.055977471181206245
10 1 0.05530527559154055
10 7 0.05508858972393206
10 2 0.05274340595643152
10 6 0.04970484137961611
10 8 0.04500587528959794
10 9 0.04472101984837438
11 7 0.06415537509884628
11 1 0.05711495127260899
11 6 0.054544310611002546
11 8 0.05410243861101126
11 9 0.0480300685187457
11 5 0.046800391071827686
11 2 0.04596221047491867
11 3 0.04262020520474346
12 4 0.07408534178005076
12 5 0.07007780949677578
12 6 0.06340461836817973
12 2 0.057631907930564455
12 9 0.054914865716528496
12 7 0.05169027821477058
12 1 0.05040062077888897
12 3 0.048210213864060575
13 5 0.06437269391581772
13 8 0.06330400241517888
13 1 0.06293190266326264
13 4 0.058818381226550746
13 6 0.05872792893325509
13 3 0.0570827358237191
13 9 0.054872039800869764
13 7 0.053565983702417275
14 2 0.047503158596047465
14 6 0.039249906577062045
14 5 0.037417510132619534
14 7 0.03271359486390263
14 4 0.028995134103172223
14 1 0.025636589487381397
14 3 0.024696032399492193
14 9 0.021337969575324488
15 4 0.08564693955163914
15 5 0.0830619850610278
15 7 0.07979564868888821
15 8 0.07863804281108806
15 6 0.07175518093458037
15 1 0.07146295496481368
15 3 0.06874344848847345
15 2 0.06798673305782886
15 9 0.05617105820484215
16 7 0.06795200978304908
16 2 0.06394631105163306
16 4 0.0628402972561814
16 9 0.06155175736886341
16 6 0.05769324059823549
16 8 0.053414432076165023
16 5 0.05307251488060471
16 1 0.052428925385229475
17 4 0.09256443963283169
17 7 0.09191261419255965
17 2 0.07549293105039917
17 1 0.0746513707662757
17 6 0.07448566891444437
17 5 0.07419144965859828
17 3 0.07193980106427268
17 9 0.06171347293855349
18 7 0.05743064068693196
18 1 0.05524654367469594
18 8 0.044628930049252946
18 4 0.0434143103537775
18 9 0.040651344972375006
18 6 0.0405925095401468
18 2 0.04049401918887877
18 5 0.03762256300188326
19 4 0.05942030178179284
19 2 0.048374002925272164
19 6 0.04744563220015582
19 7 0.04479096477403305
19 9 0.040768048959987056
19 3 0.03950228702798762
19 5 0.03796382478709652
19 1 0.03546583952430163
20 1 0.047767045858593905
20 6 0.03463118372693208
20 5 0.032497203697839934
20 7 0.02956512350273245
20 4 0.0264539083541684
20 2 0.026100377602266755
20 9 0.02535797443659502
20 8 0.02308868667259743
20 3 0.021478604005171688
21 3 0.07187983243025237
21 5 0.0707716319041218
21 7 0.061442395106887135
21 4 0.06084291682237716
21 9 0.05521006992192226
21 1 0.05409061865494671
21 8 0.051549993752576795
21 2 0.05101363964138009
22 4 0.10857415567550521
22 5 0.10034969605512917
22 6 0.09767079590955784
22 3 0.09140700823184542
22 2 0.08944877310376759
22 7 0.08760431396648265
22 8 0.0795903481670231
22 9 0.07545318046919469
23 7 0.04703774658716614
23 6 0.04249684378936488
23 1 0.03917017146116624
23 5 0.038783619657511245
23 8 0.033512244324633504
23 2 0.03200410727456222
23 4 0.031491482069234626
23 9 0.029959652931762573
24 9 0.054628717172565094
24 6 0.04917257227534997
24 2 0.04592575934330051
24 4 0.04545828006653071
24 8 0.04475021606086931
24 7 0.04470103611767545
24 1 0.044422711952621964
24 5 0.03996276642427421
24 3 0.03901872399094181
25 2 0.044673109460957705
25 4 0.03266482290760442
25 6 0.03234349725684564
25 1 0.03034836381835729
25 5 0.029835899490402162
25 8 0.027289006528474026
25 9 0.02678109581156768
25 7 0.024167682759250016
26 4 0.09204293407858108
26 3 0.08401259091445556
26 5 0.08036175682264338
26 7 0.07060346728590523
26 6 0.06923174327628642
26 8 0.06797957580991755
26 2 0.0666843160495341
26 9 0.05764328825821113
27 3 0.06694445947618623
27 4 0.06617209893375914
27 8 0.06539864423650019
27 7 0.06196553952786219
27 6 0.06110812117944551
27 9 0.05719909180141523
27 2 0.055858560548285974
27 5 0.054712225525867256
28 6 0.05397113592926889
28 2 0.05363249560369497
28 1 0.04320488372218773
28 5 0.03724794446300107
28 7 0.03551016757838175
28 3 0.03391478261834386
28 4 0.03345236641704698
28 9 0.03164386365539584
29 3 0.06180484064778817
29 4 0.061775023798306926
29 7 0.06081721893328062
29 6 0.0575058920087811
29 2 0.05189833326317987
29 9 0.05181721165646535
29 8 0.05020002392387711
29 1 0.04951137684913857
30 4 0.08969575774935841
30 6 0.07158323335161874
30 1 0.0713878734502654
30 3 0.07091071925743131
30 5 0.07064819773591324
30 7 0.06761217254627751
30 8 0.06070048612826343
30 9 0.0556973080833003
